101 51 21
7.5 7.5 7.5
572
1 0 8
1 0 0
0.149000
0.149000
1 0 9
1 0 0
0.129300
0.129300
1 0 11
1 0 0
0.140000
0.140000
1 0 14
1 0 0
0.138400
0.138400
1 0 16
1 0 0
0.143100
0.143100
1 0 18
1 0 0
0.144400
0.144400
1 1 1
1 0 0
0.156200
0.156200
1 1 2
1 0 0
0.152900
0.152900
1 1 6
1 0 0
0.131300
0.131300
1 1 13
1 0 0
0.133700
0.133700
1 1 14
1 0 0
0.123800
0.123800
1 1 17
1 0 0
0.134800
0.134800
1 1 19
1 0 0
0.117700
0.117700
1 2 0
1 0 0
0.161700
0.161700
1 2 2
1 0 0
0.138000
0.138000
1 2 4
1 0 0
0.164200
0.164200
1 2 7
1 0 0
0.163100
0.163100
1 2 9
1 0 0
0.163900
0.163900
1 2 16
1 0 0
0.159800
0.159800
1 2 17
1 0 0
0.139800
0.139800
1 3 4
1 0 0
0.129300
0.129300
1 3 8
1 0 0
0.159000
0.159000
1 3 10
1 0 0
0.112100
0.112100
1 3 13
1 0 0
0.148500
0.148500
1 3 18
1 0 0
0.124400
0.124400
1 4 2
1 0 0
0.156900
0.156900
1 4 3
1 0 0
0.132700
0.132700
1 4 13
1 0 0
0.146300
0.146300
1 4 19
1 0 0
0.162800
0.162800
1 5 0
1 0 0
0.154400
0.154400
1 5 4
1 0 0
0.136300
0.136300
1 5 6
1 0 0
0.136800
0.136800
1 5 11
1 0 0
0.104600
0.104600
1 5 14
1 0 0
0.126100
0.126100
1 6 3
1 0 0
0.151100
0.151100
1 6 16
1 0 0
0.144900
0.144900
1 7 1
1 0 0
0.138700
0.138700
1 7 3
1 0 0
0.155600
0.155600
1 7 8
1 0 0
0.168100
0.168100
1 7 12
1 0 0
0.151800
0.151800
1 7 14
1 0 0
0.165200
0.165200
1 7 15
1 0 0
0.154500
0.154500
1 7 16
1 0 0
0.161900
0.161900
1 8 7
1 0 0
0.125300
0.125300
1 8 13
1 0 0
0.146000
0.146000
1 8 14
1 0 0
0.130800
0.130800
1 8 15
1 0 0
0.146000
0.146000
1 8 16
1 0 0
0.125500
0.125500
1 8 18
1 0 0
0.149300
0.149300
1 9 1
1 0 0
0.169600
0.169600
1 9 4
1 0 0
0.154200
0.154200
1 9 6
1 0 0
0.165700
0.165700
1 9 8
1 0 0
0.136400
0.136400
1 10 11
1 0 0
0.157700
0.157700
1 10 13
1 0 0
0.118900
0.118900
1 10 15
1 0 0
0.164000
0.164000
1 10 18
1 0 0
0.158200
0.158200
1 10 19
1 0 0
0.134900
0.134900
1 11 3
1 0 0
0.155100
0.155100
1 11 10
1 0 0
0.144200
0.144200
1 11 16
1 0 0
0.149700
0.149700
1 12 4
1 0 0
0.137300
0.137300
1 12 8
1 0 0
0.147600
0.147600
1 12 10
1 0 0
0.127000
0.127000
1 13 6
1 0 0
0.112300
0.112300
1 13 7
1 0 0
0.140000
0.140000
1 14 1
1 0 0
0.113600
0.113600
1 14 6
1 0 0
0.152700
0.152700
1 14 11
1 0 0
0.169300
0.169300
1 14 16
1 0 0
0.154400
0.154400
1 15 4
1 0 0
0.161300
0.161300
1 15 8
1 0 0
0.148100
0.148100
1 15 19
1 0 0
0.136500
0.136500
1 16 2
1 0 0
0.165800
0.165800
1 16 6
1 0 0
0.169300
0.169300
1 17 0
1 0 0
0.145900
0.145900
1 17 6
1 0 0
0.126700
0.126700
1 17 14
1 0 0
0.163500
0.163500
1 17 15
1 0 0
0.116700
0.116700
1 17 17
1 0 0
0.105400
0.105400
1 18 11
1 0 0
0.144800
0.144800
1 18 16
1 0 0
0.110300
0.110300
1 18 18
1 0 0
0.103900
0.103900
1 19 5
1 0 0
0.161400
0.161400
1 19 10
1 0 0
0.158700
0.158700
1 19 14
1 0 0
0.162500
0.162500
1 20 0
1 0 0
0.146200
0.146200
1 20 1
1 0 0
0.154400
0.154400
1 20 3
1 0 0
0.105100
0.105100
1 20 4
1 0 0
0.140300
0.140300
1 20 7
1 0 0
0.158100
0.158100
1 20 8
1 0 0
0.101800
0.101800
1 20 11
1 0 0
0.144500
0.144500
1 20 19
1 0 0
0.162800
0.162800
1 21 2
1 0 0
0.139500
0.139500
1 21 9
1 0 0
0.118800
0.118800
1 21 10
1 0 0
0.128100
0.128100
1 21 13
1 0 0
0.150300
0.150300
1 22 0
1 0 0
0.131600
0.131600
1 22 6
1 0 0
0.166800
0.166800
1 22 11
1 0 0
0.116800
0.116800
1 22 17
1 0 0
0.169500
0.169500
1 23 2
1 0 0
0.131700
0.131700
1 23 4
1 0 0
0.130000
0.130000
1 23 8
1 0 0
0.127500
0.127500
1 23 14
1 0 0
0.137400
0.137400
1 24 0
1 0 0
0.105100
0.105100
1 24 1
1 0 0
0.160400
0.160400
1 24 2
1 0 0
0.133600
0.133600
1 24 9
1 0 0
0.138200
0.138200
1 24 16
1 0 0
0.160000
0.160000
1 25 0
1 0 0
0.180500
0.180500
1 25 2
1 0 0
0.157300
0.157300
1 25 7
1 0 0
0.125500
0.125500
1 25 8
1 0 0
0.145800
0.145800
1 25 9
1 0 0
0.106600
0.106600
1 25 12
1 0 0
0.171800
0.171800
1 25 17
1 0 0
0.165500
0.165500
1 26 0
1 0 0
0.120400
0.120400
1 26 3
1 0 0
0.157400
0.157400
1 26 5
1 0 0
0.153900
0.153900
1 27 1
1 0 0
0.142300
0.142300
1 27 6
1 0 0
0.155800
0.155800
1 27 12
1 0 0
0.129900
0.129900
1 27 13
1 0 0
0.126600
0.126600
1 27 19
1 0 0
0.150700
0.150700
1 28 4
1 0 0
0.160200
0.160200
1 28 5
1 0 0
0.120900
0.120900
1 28 8
1 0 0
0.164000
0.164000
1 28 17
1 0 0
0.168100
0.168100
1 29 0
1 0 0
0.112900
0.112900
1 29 19
1 0 0
0.162200
0.162200
1 30 0
1 0 0
0.133300
0.133300
1 30 5
1 0 0
0.148300
0.148300
1 30 7
1 0 0
0.161500
0.161500
1 30 11
1 0 0
0.162800
0.162800
1 30 13
1 0 0
0.146800
0.146800
1 30 16
1 0 0
0.121100
0.121100
1 31 3
1 0 0
0.156500
0.156500
1 31 10
1 0 0
0.148400
0.148400
1 31 12
1 0 0
0.151800
0.151800
1 31 18
1 0 0
0.139100
0.139100
1 32 0
1 0 0
0.135700
0.135700
1 32 7
1 0 0
0.154700
0.154700
1 32 11
1 0 0
0.164800
0.164800
1 32 15
1 0 0
0.152500
0.152500
1 33 1
1 0 0
0.132800
0.132800
1 33 3
1 0 0
0.118900
0.118900
1 33 7
1 0 0
0.113200
0.113200
1 33 12
1 0 0
0.150500
0.150500
1 33 14
1 0 0
0.167500
0.167500
1 33 17
1 0 0
0.131400
0.131400
1 34 2
1 0 0
0.155000
0.155000
1 34 6
1 0 0
0.162500
0.162500
1 34 11
1 0 0
0.151800
0.151800
1 34 17
1 0 0
0.114800
0.114800
1 34 18
1 0 0
0.147200
0.147200
1 35 1
1 0 0
0.139100
0.139100
1 35 9
1 0 0
0.163200
0.163200
1 35 13
1 0 0
0.136100
0.136100
1 35 17
1 0 0
0.155300
0.155300
1 36 4
1 0 0
0.151900
0.151900
1 36 5
1 0 0
0.137200
0.137200
1 36 16
1 0 0
0.116200
0.116200
1 36 19
1 0 0
0.135700
0.135700
1 37 0
1 0 0
0.154700
0.154700
1 37 6
1 0 0
0.141900
0.141900
1 37 7
1 0 0
0.108600
0.108600
1 37 9
1 0 0
0.161900
0.161900
1 37 14
1 0 0
0.154800
0.154800
1 37 15
1 0 0
0.160400
0.160400
1 37 17
1 0 0
0.146200
0.146200
1 37 18
1 0 0
0.127000
0.127000
1 38 2
1 0 0
0.158700
0.158700
1 38 6
1 0 0
0.119700
0.119700
1 38 11
1 0 0
0.160800
0.160800
1 38 13
1 0 0
0.107300
0.107300
1 38 17
1 0 0
0.138500
0.138500
1 39 4
1 0 0
0.136200
0.136200
1 39 8
1 0 0
0.119400
0.119400
1 39 10
1 0 0
0.152300
0.152300
1 39 14
1 0 0
0.161300
0.161300
1 40 1
1 0 0
0.164300
0.164300
1 40 6
1 0 0
0.117600
0.117600
1 40 8
1 0 0
0.111600
0.111600
1 40 12
1 0 0
0.161500
0.161500
1 41 0
1 0 0
0.125600
0.125600
1 41 7
1 0 0
0.150600
0.150600
1 41 10
1 0 0
0.149800
0.149800
1 41 11
1 0 0
0.147000
0.147000
1 41 15
1 0 0
0.106700
0.106700
1 41 17
1 0 0
0.156200
0.156200
1 41 18
1 0 0
0.165300
0.165300
1 42 4
1 0 0
0.169000
0.169000
1 42 9
1 0 0
0.146100
0.146100
1 43 6
1 0 0
0.150100
0.150100
1 43 8
1 0 0
0.129400
0.129400
1 43 12
1 0 0
0.157400
0.157400
1 44 0
1 0 0
0.152200
0.152200
1 44 3
1 0 0
0.132900
0.132900
1 44 4
1 0 0
0.141500
0.141500
1 44 6
1 0 0
0.135800
0.135800
1 44 10
1 0 0
0.124700
0.124700
1 44 14
1 0 0
0.162000
0.162000
1 44 15
1 0 0
0.161600
0.161600
1 45 5
1 0 0
0.145400
0.145400
1 45 8
1 0 0
0.132600
0.132600
1 45 11
1 0 0
0.122200
0.122200
1 45 14
1 0 0
0.119300
0.119300
1 46 1
1 0 0
0.143100
0.143100
1 46 6
1 0 0
0.119200
0.119200
1 46 10
1 0 0
0.152200
0.152200
1 46 11
1 0 0
0.155400
0.155400
1 46 16
1 0 0
0.130500
0.130500
1 46 18
1 0 0
0.168100
0.168100
1 47 1
1 0 0
0.128400
0.128400
1 47 3
1 0 0
0.117100
0.117100
1 47 7
1 0 0
0.150600
0.150600
1 47 9
1 0 0
0.123600
0.123600
1 47 14
1 0 0
0.132200
0.132200
1 48 1
1 0 0
0.108400
0.108400
1 48 5
1 0 0
0.148300
0.148300
1 48 7
1 0 0
0.140500
0.140500
1 48 9
1 0 0
0.109500
0.109500
1 48 10
1 0 0
0.113500
0.113500
1 49 0
1 0 0
0.131100
0.131100
1 49 3
1 0 0
0.125700
0.125700
1 49 4
1 0 0
0.119100
0.119100
1 49 8
1 0 0
0.159900
0.159900
1 49 9
1 0 0
0.145800
0.145800
1 49 12
1 0 0
0.165300
0.165300
1 49 14
1 0 0
0.107600
0.107600
1 49 16
1 0 0
0.161900
0.161900
1 49 19
1 0 0
0.154500
0.154500
1 50 0
1 0 0
0.108100
0.108100
1 50 3
1 0 0
0.139900
0.139900
1 50 4
1 0 0
0.131800
0.131800
1 50 7
1 0 0
0.140800
0.140800
2 1 1
1 0 0
0.113600
0.113600
2 2 0
1 0 0
0.133300
0.133300
2 2 4
1 0 0
0.138300
0.138300
2 2 7
1 0 0
0.153800
0.153800
2 2 9
1 0 0
0.127400
0.127400
2 3 13
1 0 0
0.109500
0.109500
2 4 19
1 0 0
0.101600
0.101600
2 7 3
1 0 0
0.119600
0.119600
2 7 8
1 0 0
0.122000
0.122000
2 7 12
1 0 0
0.131600
0.131600
2 7 14
1 0 0
0.104200
0.104200
2 7 15
1 0 0
0.108500
0.108500
2 8 18
1 0 0
0.110100
0.110100
2 9 1
1 0 0
0.157100
0.157100
2 9 4
1 0 0
0.101200
0.101200
2 9 6
1 0 0
0.128000
0.128000
2 10 11
1 0 0
0.123000
0.123000
2 10 15
1 0 0
0.139100
0.139100
2 11 3
1 0 0
0.121500
0.121500
2 14 6
1 0 0
0.106700
0.106700
2 14 11
1 0 0
0.163500
0.163500
2 14 16
1 0 0
0.132600
0.132600
2 15 4
1 0 0
0.137800
0.137800
2 16 2
1 0 0
0.141300
0.141300
2 16 6
1 0 1
0.137700
0.137700
0.116000
2 17 0
1 0 0
0.115300
0.115300
2 17 14
1 0 0
0.107000
0.107000
2 19 5
1 0 0
0.135500
0.135500
2 19 14
1 0 0
0.115100
0.115100
2 20 1
1 0 0
0.121900
0.121900
2 20 7
1 0 0
0.144100
0.144100
2 20 19
1 0 0
0.122800
0.122800
2 22 6
1 0 0
0.153300
0.153300
2 22 17
1 0 0
0.161500
0.161500
2 24 0
0 1 1
0.135400
0.129700
0.135400
2 24 1
1 0 0
0.154100
0.154100
2 25 0
1 0 0
0.180500
0.180500
2 25 2
1 0 0
0.113600
0.113600
2 25 12
1 0 0
0.156300
0.156300
2 25 17
1 0 0
0.126600
0.126600
2 26 0
1 0 0
0.106200
0.106200
2 26 3
1 0 0
0.127700
0.127700
2 27 1
1 0 0
0.113900
0.113900
2 27 6
1 0 0
0.110900
0.110900
2 28 8
1 0 0
0.152600
0.152600
2 28 17
1 0 0
0.153500
0.153500
2 29 19
1 0 0
0.107300
0.107300
2 30 5
1 0 0
0.117700
0.117700
2 30 7
1 0 0
0.118300
0.118300
2 30 11
1 0 0
0.112900
0.112900
2 30 13
1 0 0
0.108600
0.108600
2 31 3
1 0 0
0.134000
0.134000
2 32 7
1 0 0
0.109200
0.109200
2 32 11
1 0 0
0.112600
0.112600
2 33 14
1 0 0
0.104600
0.104600
2 34 2
1 0 0
0.108700
0.108700
2 34 6
1 0 0
0.127700
0.127700
2 35 9
1 0 0
0.136700
0.136700
2 35 17
1 0 0
0.105100
0.105100
2 36 4
1 0 0
0.107000
0.107000
2 37 0
1 0 0
0.108000
0.108000
2 37 6
1 0 0
0.104500
0.104500
2 37 9
1 0 0
0.119300
0.119300
2 37 14
1 0 0
0.110500
0.110500
2 37 15
1 0 0
0.142100
0.142100
2 38 2
1 0 0
0.136400
0.136400
2 39 14
1 0 0
0.131600
0.131600
2 40 1
1 0 0
0.141700
0.141700
2 41 7
1 0 0
0.126900
0.126900
2 41 17
1 0 0
0.101300
0.101300
2 41 18
1 0 0
0.122500
0.122500
2 42 4
1 0 0
0.149600
0.149600
2 44 15
1 0 0
0.118800
0.118800
2 45 5
1 0 0
0.105800
0.105800
2 46 1
1 0 0
0.117700
0.117700
2 46 11
1 0 0
0.113100
0.113100
2 46 18
1 0 0
0.158200
0.158200
2 48 5
1 0 0
0.135800
0.135800
2 49 8
1 0 0
0.120500
0.120500
2 49 12
1 0 0
0.107900
0.107900
2 49 16
1 0 0
0.150100
0.150100
3 2 0
1 0 0
0.110500
0.110500
3 2 7
1 1 0
0.138200
0.138200
0.103700
3 9 1
1 0 0
0.151100
0.151100
3 10 15
1 0 0
0.121900
0.121900
3 14 11
1 0 0
0.156200
0.156200
3 14 16
1 0 0
0.118500
0.118500
3 15 4
1 0 0
0.110200
0.110200
3 16 2
1 0 0
0.111300
0.111300
3 19 5
1 0 0
0.101300
0.101300
3 20 7
1 0 0
0.130800
0.130800
3 22 6
1 1 0
0.138700
0.138700
0.126800
3 22 17
1 0 0
0.155100
0.155100
3 24 1
0 1 0
0.143800
0.143800
3 25 0
1 1 0
0.180500
0.180500
0.104100
3 25 1
1 0 0
0.139900
0.139900
3 25 12
1 0 1
0.140700
0.140700
0.106500
3 26 3
1 0 0
0.114300
0.114300
3 28 8
1 0 0
0.132900
0.132900
3 28 17
1 0 0
0.146200
0.146200
3 31 3
1 0 0
0.108900
0.108900
3 35 9
1 0 0
0.122900
0.122900
3 37 9
1 0 0
0.102400
0.102400
3 37 15
1 0 0
0.130200
0.130200
3 39 14
1 0 0
0.117900
0.117900
3 41 7
1 0 0
0.109300
0.109300
3 42 4
1 0 0
0.140400
0.140400
3 46 18
1 0 0
0.147100
0.147100
3 48 5
1 0 0
0.128100
0.128100
3 49 16
1 0 0
0.135200
0.135200
4 1 7
0 1 0
0.117900
0.117900
4 2 7
1 0 0
0.131500
0.131500
4 9 1
1 1 1
0.138800
0.138800
0.133500
0.136000
4 9 2
1 0 0
0.108400
0.108400
4 13 11
0 1 0
0.113000
0.113000
4 14 10
0 0 1
0.123700
0.123700
4 14 11
1 1 0
0.148500
0.148500
0.139600
4 20 7
1 0 0
0.115300
0.115300
4 22 5
0 0 1
0.107500
0.107500
4 22 17
1 0 0
0.150000
0.150000
4 24 0
1 1 1
0.121100
0.103700
0.114600
0.121100
4 24 1
0 1 0
0.130200
0.130200
4 25 0
1 0 1
0.180500
0.180500
0.126100
4 25 1
0 0 1
0.104500
0.104500
4 25 12
0 1 0
0.119500
0.119500
4 26 3
1 0 0
0.107000
0.107000
4 27 17
0 1 0
0.116200
0.116200
4 28 8
1 0 0
0.119300
0.119300
4 28 16
1 0 1
0.137000
0.130100
0.137000
4 28 17
0 1 0
0.106000
0.106000
4 35 9
1 0 0
0.111700
0.111700
4 37 15
1 0 0
0.118200
0.118200
4 42 4
1 0 1
0.127600
0.127600
0.103100
4 46 18
0 1 0
0.132500
0.132500
4 47 18
1 0 0
0.123600
0.123600
4 48 5
1 0 0
0.122600
0.122600
4 49 16
1 0 0
0.124800
0.124800
5 2 7
1 0 1
0.123800
0.123800
0.121300
5 8 1
1 1 1
0.132000
0.126900
0.132000
0.116800
5 13 11
1 1 0
0.138500
0.115800
0.138500
5 14 11
1 1 1
0.138300
0.138300
0.126000
0.105400
5 21 17
0 1 0
0.122900
0.122900
5 22 16
0 0 1
0.136200
0.136200
5 22 17
1 0 1
0.146400
0.146400
0.106800
5 25 0
1 0 0
0.180500
0.180500
5 28 16
1 0 0
0.125800
0.125800
5 35 9
1 0 0
0.102900
0.102900
5 37 15
1 0 0
0.105100
0.105100
5 42 4
1 1 1
0.121300
0.121300
0.114400
0.103500
5 47 18
1 0 0
0.108200
0.108200
5 48 5
0 1 0
0.107400
0.107400
5 49 15
0 0 1
0.104200
0.104200
5 49 16
1 0 0
0.104700
0.104700
6 2 7
1 0 1
0.109400
0.103300
0.109400
6 2 8
1 0 0
0.102800
0.102800
6 8 1
1 0 0
0.120200
0.120200
6 13 11
0 0 1
0.106400
0.106400
6 14 10
0 0 1
0.124400
0.124400
6 14 11
1 0 0
0.125500
0.125500
6 21 17
0 1 0
0.107000
0.107000
6 22 17
1 0 0
0.141800
0.141800
6 25 0
1 0 0
0.180500
0.180500
6 27 15
0 0 1
0.103600
0.103600
6 27 16
1 1 0
0.118900
0.107300
0.118900
6 28 15
0 0 1
0.110100
0.110100
6 41 4
0 1 0
0.110300
0.110300
6 42 3
0 0 1
0.109400
0.109400
6 42 4
1 0 0
0.110500
0.110500
7 7 1
0 1 0
0.109500
0.109500
7 8 1
1 1 0
0.109100
0.109100
0.106000
7 14 11
1 0 0
0.111700
0.111700
7 21 17
0 1 0
0.112200
0.112200
7 22 15
0 0 1
0.109300
0.109300
7 22 16
1 1 1
0.132000
0.125400
0.113000
0.132000
7 22 17
0 1 1
0.135600
0.105300
0.135600
7 22 18
1 0 0
0.124600
0.124600
7 25 0
1 0 0
0.180500
0.180500
8 14 11
0 1 0
0.105000
0.105000
8 21 16
0 1 0
0.107300
0.107300
8 22 15
0 0 1
0.112400
0.112400
8 22 16
1 0 0
0.112600
0.112600
8 22 17
0 0 1
0.101000
0.101000
8 22 18
1 0 1
0.105300
0.105300
0.104900
8 25 0
1 0 0
0.180500
0.180500
9 22 16
1 0 0
0.102100
0.102100
9 25 0
1 0 0
0.180500
0.180500
10 25 0
1 0 0
0.180500
0.180500
11 25 0
1 0 0
0.180500
0.180500
12 25 0
1 0 0
0.180500
0.180500
13 25 0
1 0 0
0.180500
0.180500
14 25 0
1 0 0
0.180500
0.180500
15 25 0
1 0 0
0.180500
0.180500
16 25 0
1 0 0
0.180500
0.180500
17 25 0
1 0 0
0.180500
0.180500
18 25 0
1 0 0
0.180500
0.180500
19 25 0
1 0 0
0.180500
0.180500
20 25 0
1 0 0
0.180500
0.180500
21 25 0
1 0 0
0.180500
0.180500
22 25 0
1 0 0
0.180500
0.180500
23 25 0
1 0 0
0.180500
0.180500
24 25 0
1 0 0
0.180500
0.180500
25 25 0
1 0 0
0.180500
0.180500
26 25 0
1 0 0
0.180500
0.180500
27 25 0
1 0 0
0.180500
0.180500
28 25 0
1 0 0
0.180500
0.180500
29 25 0
1 0 0
0.180500
0.180500
30 25 0
1 0 0
0.180500
0.180500
31 25 0
1 0 0
0.180500
0.180500
32 25 0
1 0 0
0.180500
0.180500
33 25 0
1 0 0
0.180500
0.180500
34 25 0
1 0 0
0.180500
0.180500
35 25 0
1 0 0
0.180500
0.180500
36 25 0
1 0 0
0.180500
0.180500
37 25 0
1 0 0
0.180500
0.180500
38 25 0
1 0 0
0.180500
0.180500
39 25 0
1 0 0
0.180500
0.180500
40 25 0
1 0 0
0.180500
0.180500
41 25 0
1 0 0
0.180500
0.180500
42 25 0
1 0 0
0.180500
0.180500
43 25 0
1 0 0
0.180500
0.180500
44 25 0
1 0 0
0.180500
0.180500
45 25 0
1 0 0
0.180500
0.180500
46 25 0
1 0 0
0.180500
0.180500
47 25 0
1 0 0
0.180500
0.180500
48 25 0
1 0 0
0.180500
0.180500
49 25 0
1 0 0
0.180500
0.180500
50 25 0
1 0 0
0.180500
0.180500
51 25 0
1 0 0
0.180500
0.180500
52 25 0
1 0 0
0.180500
0.180500
53 25 0
1 0 0
0.180500
0.180500
54 25 0
1 0 0
0.180500
0.180500
55 25 0
1 0 0
0.180500
0.180500
56 25 0
1 0 0
0.180500
0.180500
57 25 0
1 0 0
0.180500
0.180500
58 25 0
1 0 0
0.180500
0.180500
59 25 0
1 0 0
0.180500
0.180500
60 25 0
1 0 0
0.180500
0.180500
61 25 0
1 0 0
0.180500
0.180500
62 25 0
1 0 0
0.180500
0.180500
63 25 0
1 0 0
0.180500
0.180500
64 25 0
1 0 0
0.180500
0.180500
65 25 0
1 0 0
0.180500
0.180500
66 24 0
1 1 0
0.153700
0.149500
0.153700
66 25 0
1 0 0
0.180500
0.180500
67 23 0
1 1 0
0.139600
0.132200
0.139600
67 24 0
1 1 1
0.147000
0.147000
0.142200
0.114200
67 24 1
1 0 0
0.109500
0.109500
67 25 0
1 1 1
0.180500
0.180500
0.129000
0.118200
67 25 1
1 0 0
0.110400
0.110400
67 26 0
1 0 0
0.124700
0.124700
77 19 2
0 1 0
0.114600
0.114600
77 30 2
0 1 0
0.129900
0.129900
78 19 1
0 1 0
0.127600
0.127600
78 19 3
0 1 0
0.130500
0.130500
78 20 0
1 0 0
0.106600
0.106600
78 20 1
1 0 0
0.121800
0.121800
78 21 1
1 0 0
0.116200
0.116200
78 21 3
1 0 0
0.133600
0.133600
78 22 2
1 0 0
0.147500
0.147500
78 23 0
1 0 0
0.154100
0.154100
78 24 0
1 0 0
0.145100
0.145100
78 24 2
1 0 0
0.104400
0.104400
78 24 3
1 0 0
0.124800
0.124800
78 24 4
1 0 0
0.125900
0.125900
78 25 0
1 0 0
0.180500
0.180500
78 25 1
1 0 0
0.121200
0.121200
78 25 2
1 0 0
0.160200
0.160200
78 25 3
1 0 0
0.103400
0.103400
78 25 5
1 0 0
0.128800
0.128800
78 26 1
1 0 0
0.149100
0.149100
78 26 2
1 0 0
0.123600
0.123600
78 26 3
1 0 0
0.146300
0.146300
78 26 7
1 0 0
0.109200
0.109200
78 27 0
1 0 0
0.140100
0.140100
78 27 4
1 0 0
0.128000
0.128000
78 27 7
1 0 0
0.109800
0.109800
78 28 2
1 0 0
0.142900
0.142900
78 29 0
1 0 0
0.129300
0.129300
78 29 7
1 0 0
0.102400
0.102400
78 30 2
1 0 0
0.130300
0.130300
78 30 5
1 0 0
0.105900
0.105900
78 30 7
0 1 0
0.107800
0.107800
78 30 8
1 0 0
0.104900
0.104900
79 21 3
1 0 0
0.117300
0.117300
79 22 2
1 0 0
0.108900
0.108900
79 23 0
1 1 0
0.141800
0.141800
0.121700
79 24 0
1 1 0
0.134100
0.127800
0.134100
79 25 0
1 0 1
0.180500
0.180500
0.125500
79 25 1
0 0 1
0.131500
0.131500
79 25 2
1 1 0
0.154700
0.154700
0.105900
79 26 1
1 0 0
0.131200
0.131200
79 26 3
1 0 0
0.140000
0.140000
79 28 2
1 0 0
0.128100
0.128100
79 30 2
1 1 0
0.120600
0.120600
0.114100
80 21 3
1 0 0
0.102300
0.102300
80 23 0
1 1 1
0.128600
0.123200
0.115900
0.128600
80 23 1
1 0 0
0.114800
0.114800
80 24 0
0 1 0
0.122500
0.122500
80 25 0
1 0 1
0.180500
0.180500
0.132400
80 25 1
1 1 1
0.139400
0.115600
0.110200
0.139400
80 25 2
1 0 0
0.145000
0.145000
80 25 3
0 1 0
0.116700
0.116700
80 26 0
0 0 1
0.114300
0.114300
80 26 3
1 0 0
0.120900
0.120900
80 28 2
1 0 0
0.119000
0.119000
80 30 2
0 1 0
0.108100
0.108100
81 23 0
1 0 0
0.112800
0.112800
81 25 0
1 0 1
0.180500
0.180500
0.101300
81 25 1
0 0 1
0.120100
0.120100
81 25 2
1 0 0
0.131300
0.131300
81 26 3
0 0 1
0.108000
0.108000
81 28 1
1 0 1
0.110400
0.101700
0.110400
81 28 2
1 0 0
0.106500
0.106500
82 25 0
1 0 1
0.180500
0.180500
0.113000
82 25 1
1 0 1
0.123200
0.118600
0.123200
82 25 2
1 0 0
0.108900
0.108900
83 25 0
1 0 1
0.180500
0.180500
0.116800
84 25 0
1 0 0
0.180500
0.180500
85 25 0
1 0 0
0.180500
0.180500
86 25 0
1 0 0
0.180500
0.180500
87 25 0
1 0 0
0.180500
0.180500
88 25 0
1 0 0
0.180500
0.180500
89 25 0
1 0 0
0.180500
0.180500
90 25 0
1 0 0
0.180500
0.180500
91 25 0
1 0 0
0.180500
0.180500
92 25 0
1 0 0
0.180500
0.180500
93 25 0
1 0 0
0.180500
0.180500
94 25 0
1 0 0
0.180500
0.180500
95 25 0
1 0 0
0.180500
0.180500
96 25 0
1 0 0
0.180500
0.180500
97 25 0
1 1 0
0.180500
0.180500
0.104300
98 25 0
1 0 0
0.180500
0.180500
99 25 0
1 0 0
0.180500
0.180500
100 25 0
1 0 0
0.180500
0.180500
